00010110011010001101110101011101101011100101000000110010100110000111110000011001001110010110111001000110001011001111110000001110
11001000001100110001100000001000010100010001010000010101000001110110111111001101000001110000011010010011101011101010110010001110
10010111001100110110010001100100001011100001110100000100010111011010111000100101110110101011001000001000101110011101111101000011
01110010110001111001111011111001000101011000011001010010010010100100011001010011010001010101100101111101101110111011000100100111
01011111101010100000001011001100111101100101010010001100110010100100110001011011101010010001011010101100100110110000110101001101
11010111111110010010001011001101010101100000010000101110001110111101110000000111101011000011100001100010000101100011110110000000
00000101011000000001110011011000111000010001001001100010100111110110111010100000000010010011111100110001111000010001110010011011
00101000111000010010110101110011111110011001011010011011001001100001001011100011101000001100011110110111100011000000000111101001
10100111000011111111110011011111101011101010111100011110110100011010000011110000010110010101011100111001110001111010000101000100
11100110001101001110100101101000000110001011011001101010111010101100110110100100010111101110001010111001101011001001111000100011
10011101011001000111101000011000010111100011111000001011110001011000101011100001101001100110011111001001100101011010101101101000
00100100000101111000000100011101000010001010101011000110110110011100010001011110110011010001110110010010001110011001001101100000
11101010010111111000100111101101010100100101111110101101011010011010010101110001010010011001100100011011011011110000010101101101
01011000010111100010111000010010011010001001011111111000101111101100011101011010110000010111011001011000000111100101101110110100
11000010111111100111011101100011000110011000100101100000111111001010011110100110011111110000101101010100001001001001011110110110
10100100011010011101101000001001101110011000111011100111000001110010110100100010010110100011001000011110110101100111101000011100
11110110110011100101100000110111000111011100100101110001101011110101001010011011111001000111110110101010001100001011110100101010
01111001110110000100110110100011101100010100101001110111011100100000110100000110110010010101101100100111001100010001011000101000
11011001000110100001100001110000100110101010111110111011010100010101111010101011110001100110100100100010000110110011101000101101
11000101000011101111100110010000000001100011000011010111111101010010001111101010100010110101011100010001111011010111101000100101
00011100111100110101111001100000101000100101110010000111000000101000011111010011011110110011001000010011001001011010110100101100
11001001110101011100011000110110111011011010110101000011100011000010000101100000100101100011011001100110000011010111011110011110
10001101101001100111111011010000010011011011101111111100101111001001100101101011101011101110110000110000000001001011111100001000
10000001000100111101100010001011111100101101000010010001010111100001100000101110111011111101001011001010110111100111100101001010
01010101101110101011010110001001110001011100001100010011001101101010111110111100010010011101001011101110010010110110011110111010
10011011101101110110010000101101000011111111010010100001000110010111001101111001110110011101000110011100111001011111101010100111
01101111100010011011111001110000111101001011110001111010101110110101000011101111001111000110000101110111011001101100011110010101
11010101100000100100111011000100110000110111001000101011100001011101010001000111110001011010010011011010100100100110100000010000
10011100100011110001101010110010101001001100011101011101100001001110111110101100100110111001101111001011101110011000100010111000
01001010001010000100101101011010000110111000101100001011011010000011110010111101111100010101100000011000011111000000000011001100
11001100100110000111010110010101000000100111000001111011000010100000000100111010011000100111110111100111110000100100111011111000
00111110000000010111011111100110100010001001001111100101110111011111000010101111100000100110000100001001100100000011000010011000
00001111000011101000100011001111000111101001011110101001010111100010110010111000101100100110000110100110011101010011110110010001
11101111111100010110110111000001000010001110011000010111011101110111101010111110011001110000111100001001011111011111000100010101
01000000001101001111110100101010110011011111001100001011101111000010110001000000101101110110010111101000011101110100111101000100
11010001101001000100111110001110010110000110010100011010001010100101011000011010101001101011110011001110100001000001011010110011
01111000001000110011101001000100010001101011001001100011101111111011000100101100010011110001110101000111010111011100000100011001
11001111100100101100110110011011000001000101110100111011011011011000101101111010101011000011101100111010010101101100000011001110
00011010100010000001110110010100100101111110111010110111000001101000010111001101011110110000000101001110100101010011011000001100
11011001110000100001110100100100010110100100110001110100011111010011011010100000101110010101001111111101001010100110101111111101
10010100101011110101001010011110101010011010011110101100100100011101000111111101100001011000010100110010111010111001011010100111
10100101111110000100000011000011101101100101010001100000101100111110011010000011110100100100010110000111010100010111110110110110
10010100111110101001001110010011100110100111001001100101110011000000111000110011010110101000101000110100111111011111100011110011
01100001000000011011100000110011101011000001101000001010100000011011000010111101110001100110000110100000000101111101110100010110
01101110110111101101101100010110010100010111000101110100110100100010101101000101010100101010100110001011011110100000101110010100
11101111100001101001001101001110100011100000001000010111001010010010100011100011100010000110111100100000001011101010001110000111
00110000111011011100111111010000011100110101101111010000111000011010110000001001101001101110100011010100111110100110010001111010
10100001001001000010011010010001111111101011001110111011101010000001100100011010100000100010001110101010101000111000010101000010
00110011010000011110001101001011011110001000001000010000011011100110100100111011100011001010010010100110110111011111101010100101
01011101010110100010111001010010111111111111101100011100011110001010000000111101001101101101100011100011111101010000001101111101
10101111000110101111011010110110000110011000011000111011011111110110011100100000000101101001001010011101010111000110010101001001
00011001000101000010110110011110111100111010000101111110111010011100101101010001010111100111001100110100111101111111110011110011
10001000101011101000010111001100101001110010010010100000110111010011010011001000000101111000001010010110100111010001101111101000
01010110011000011000111101101100000101000010011100101110010110111110101001101011101001100010101110001111100001101111011101100000
01011100101010000110100000101100011101101001111001101111100110101010000101111000111010011111110100101010101001111011101101010110
01101110110110000000011011101001010110111011011000110100101110001000001011010000100000100111000001000000000000100110101110110001
11111101001011111111101000000001010100010000100010100011101001100001110100110110100010010101100010100001001010000111001001110100
11011001101100110111101001100000100111110001111111011101101101010101110101011101110000001010111001111111110001111111010110111011
00001101001011111111101101110010010001100000100110111010000001010001111001001101011011011011110100000000111101111101110011110011
01111000000000101110110000001110000011001101011111010000111010100010110011100101111111100000011000000100000000001001000111011101
01001100000011100011011010100010111100000001101101111101111101110101011011100101111011100000001100110010111000111001100110100001
01110101011001000001101001000111000001001011010000000011110010110010011001010111010011001011101101011000101011100101101100011111
00010011101000000111011000110110100010110111111101101111011111100101000011101111111111101110011110010001000111101110001011011101
11011000100100101001101010001101110110110101110000001101000000110010110010001111110101000111011110011101111001010010111010000010
01011010000100100110111110001110001010001010010011110000101110111101011010100111101101010011100111100111001101010110011000100111
00100101100011100001101001011101100101000001001101100110011101100011011110011101110110111111100110110011011100111011110010001111
11100101000111010101111000101010101001110101101110000010100000101100100110101011101011111110010111001111101111011000101110100001
00000010100001110010000001010111111101100111100001000011011111111100001000000101010000001111111111010101101000010111000000111100
11000011010001100000100001011000101000111101000110000111111001111101110110100101110001100001111110101001110001000101011001011101
10010111101010110111101010011011111110000100111010111110100101001110010010100001111111100001100000011101000101000000011111101100
01100001111010010100110011001110010111001011101011011000111011001100001111011000010001000011100001001011011000111101011001000001
10011100001000010011100110101111001001001100110000001001110011010001111101010100110101111010011100010000000100010000001000111111
01000100111101001000111100100001011100001100100111001000100001111010001011101111010000101100001100011110011101010000010101001010
00001110011101010110101101101111011010110100111101110000100010111000100100111011000001100101011011011000001101110111001011011111
01001111100001011110011100111111001011101011101100110100011110111110011000001001111000001010001100000001000000010101001000110110
11100010001010001101101111000100111000111110010110011001011100000100101010000111111000111111010011001111111110101000010001010001
11100110111010001000000100001100011101110001111101000011110101110001100001001000110001000011000110000010011111110101010101110010
01001011100011101000001111011011011001100101011111100000010000111001111110001011000101101110000001001000001110011101010101001001
10011101000000000011011001010010000100010100110010011010100110100101000011110101000111100111001001011011101010110110101111110110
00101001011100100000111011000100100010110101100011111100100111101111111111100011100011010010011011110111101110101111100000100010
10010101110110111110010010111111111001000111011011010001011000110110101100110111110110111111111011111001101111101111001111111000
00011111010001011001111101100110100000101010001111110010001010101110111110000000001100100111100101011101010110000100100100110010
11111000101000010100111110110010010011100110110101000000110000000000101101100101101000001111001111101010010001110011100110101110
01111100001100110011000000100100000101011100000011010101101010101110111010100011000111101110001110010110111110000000000000101111
00010000100110100000000010010001001001110110011101001000000000010011010111001111011100111100110101000100101000000001001110100001
00110110010110110001101101011011000010010001110110101000100000100101110011010100000001100001011001100011000100110001110011100111
00011100000000110111001000100010100111111010000001000101011111011111111100111110100001111100101000011111010001101011111000100011
01101000100111011100100100110000011010011110001000011111001101101001110100111111011100000110001101111100110101101100000001110101
01101100111101110100000001010110010000011010100111110000101110111111110101001101010000010100001100110001101000101110101111100100
10001100111000010011111000011000000110100001011110010100101000111010010011001100100100010110000011101110100011010111001011111001
00011101000000000111100100101011101101101010010101001000001110100101110101000010101010111010100011101101001101111010001001001010
10111010000111000011100110010111111111011110100011100011010111100111100101101001111100110011010000100011101001100111101010001000
00101001000000101110111011101011010000011101001110011111011100101001110010010000111001110110101010111101110110011010100100011101
10001000001110010110110110100010110010100010110111100110111101100101010100011100011001010100010111010011101010001100001001011001
01000000100011000000001101001101111101101110111010101101111010101001011101100111110110011001111011001011010000010001001111110011
10011001111000110001101101101011011110110101001110001101011111010001110101111101001010110001100010011111111010000100000110110111
10110111011000011100010110001000000011001110010000001111011110001000010101011100110010010110100101111011011011111001001111111010
01000110111000001001110010001111001011001010000011111011010000100110010011001100010010010110101100111011010100011001010111110101
00000110010010001011010010011100000111000011011001111110101000110111010011100011110110011100011011010011111000100011111000010110
00010011000101110011100101000110100110010000111100101001111000101100000001110100001010100110010101010000110011010001010001010100
11010101000111101001001001110110101001000101100010101111110001101100001111110111101101011110111010000001011000111001000110100110
00000010111100101111111011100001101011001010010110000011110110001010000010010111001100111010010100001101010001100010110001111011
10001100101110110110100011010110011101100111001110101100010011111100011010110000001000011100010000110011111001010011101100010001
01000000110000011100100001101110100100111100010110001000011011110010111000111111111001010001100101000100111000010101100110000111
10001010100111110001000101110000111111101010101100111000001101001111110110000011111110111111110110111001100010111111001010010101
00101000000001011101111011000100011111100011100000001011110110010111001101111110101011011011101100000111000011011100010101110111
10111110011111110010110100101101111111101011101001000001111111010110100110111110111001100111111000001010111101110011000110111010
11001101101101010011101101000111010000101100000000111010111010110100100001010101000010101010001011110011111100101101000000110011
01011011101000110001100101100001101111001000100100100100100110011000000000000111011011010011001110000110101101101001110001111101
11101110100100011100110110111010110110011100111100111010100011111001001100111001101011101111110111010000101100110100100001111001
01111110101110011000000110110000100111101011001001001000111011110011101110111111100101001100011001101000001101111000110001111000
11010110100011100000111100000100000101011010010111110100001000111001100001000101101111011100100001001011100110111001000011011100
11100111001011100010100001010001111110101010010010001100110000100001101110000101100000111111010000111111111000000111111011101000
01010100111011000001010110011100000001100011100010010011011000011000101111010001000111100000111001010010011111001000010000011101
00000000110110001000000111111001101011111011100011110100100011101100001110100110101111011010100011110011001000111010100111000100
10100000100111101001011101000011111000001011100010010011011001011111010111100110001111000001001000111110110101100011101110101010
11001100110000111111111111111100011101011110000011100001011001011001110011001100101000110100110011000101011001110011111000111110
10010100011111011101101110100111011100001001001010011100010110010001101010111001001101100111011000110011001001011110000110100110
10110101001010111001001010101101101000010010100100001010100111110110001100110001111000111100110110100101100110010001100011100100
01000100010100011110010100101000010010000111000000101110000010011000101110100001100110011110000101011011100001111011101111110010
11011011111010011111100000001000100001100100001110001101010101110011001011100100110100100101000001110001000110000000101111101011
11011001000111010111100101000101001100011000010000100001111010010011100111001111011111111110000100110100001100001110111000000111
00100010010111010110100011011011011111010011010000101010110100110111001011010000000111101010000101000000000111110100011001111000
11101101100101101010100010111100111100111111011101011101110010001010011000001110011111000011001110100110010001110011111111000111
01111101010010110011101111100000010100000111010001101100100100010001001111101111100100000110010000101100100010001001011100001111
10000000010000101001100000111101111110001101110010000100010101000010000001001000111010010010110011011100111011101100010111001001
01101111000101111100110000110100101000100001010100110100001111101011010110101110010010111011000001110000011110010100001110010111
00000111100101010010110000010000000101011011000110000011110000001010011110111010000110011111101001011100110010100100110001101101
